%YAML:1.0
---
K: !!opencv-matrix
   rows: 3
   cols: 3
   dt: d
   data: [ 7.1786794931534939e+02, 0., 1.9946156038717973e+02, 0.,
       7.1401286240064917e+02, 3.3003759180953267e+02, 0., 0., 1. ]
D: !!opencv-matrix
   rows: 1
   cols: 5
   dt: d
   data: [ 1.0595722836185670e+00, -3.9313739206212290e+01,
       8.1456888886349641e-03, 1.8032725849897457e-03,
       5.2849681318631156e+02 ]
